_viz_ace_editor = nengo_gui.components.AceEditor()
_viz_net_graph = nengo_gui.components.NetGraph()
_viz_sim_control = nengo_gui.components.SimControl()
_viz_config[_viz_sim_control].kept_time = 4
_viz_config[_viz_sim_control].shown_time = 0.5
_viz_config[ens].pos=(0.0987936277406852, 0.013359310765040162)
_viz_config[ens].size=(0.13536806393398276, 0.43931821161255447)
_viz_config[model].pos=(1.058914640547968, 1.878857766484586)
_viz_config[model].size=(0.2563268165428364, 0.2563268165428364)
_viz_config[model].expanded=True
_viz_config[model].has_layout=True
_viz_config[model.ensembles[1]].pos=(1.4396528959481651, -1.4323532877779075)
_viz_config[model.ensembles[1]].size=(0.04168956248082796, 0.13529767287592417)
_viz_config[model.ensembles[2]].pos=(1.449567176846539, -0.9634388339781945)
_viz_config[model.ensembles[2]].size=(0.2317558422942469, 0.06608662690421885)
_viz_config[model.ensembles[3]].pos=(1.459481457744909, -0.5838024063502164)
_viz_config[model.ensembles[3]].size=(0.2317558422942469, 0.06608662690421885)
_viz_config[model.ensembles[4]].pos=(1.464362387835657, -0.20400992197847967)
_viz_config[model.ensembles[4]].size=(0.2317558422942469, 0.06608662690421885)
_viz_config[model.ensembles[5]].pos=(1.459481457744909, 0.1538613460900658)
_viz_config[model.ensembles[5]].size=(0.2317558422942469, 0.06608662690421885)
_viz_config[model.ensembles[6]].pos=(1.4545243172957267, 0.5843556335150107)
_viz_config[model.ensembles[6]].size=(0.2317558422942469, 0.06608662690421885)
_viz_config[model.ensembles[7]].pos=(1.4743528790924667, 0.9694571767260456)
_viz_config[model.ensembles[7]].size=(0.2317558422942469, 0.06608662690421885)
_viz_config[model.ensembles[8]].pos=(1.4991385813383964, 1.38126902318709)
_viz_config[model.ensembles[8]].size=(0.2317558422942469, 0.06608662690421885)
_viz_config[model.nodes[1]].pos=(2.123370325614684, -1.4722719640989994)
_viz_config[model.nodes[1]].size=(-6.398413929416258e-08, 0.028737737398575224)
_viz_config[model.nodes[2]].pos=(2.1134561203562683, -0.9941790548092502)
_viz_config[model.nodes[2]].size=(1.1655821144200551e-08, 5.984166006147741e-09)
_viz_config[model.nodes[3]].pos=(2.123370401254644, -0.5927141556775256)
_viz_config[model.nodes[3]].size=(1.1655821117312337e-08, 0.036781592106841815)
_viz_config[model.nodes[4]].pos=(2.133284682153011, -0.20057223455982232)
_viz_config[model.nodes[4]].size=(1.1655821245681874e-08, 5.98416602035079e-09)
_viz_config[model.nodes[5]].pos=(2.1481561035005687, 0.13920882869137746)
_viz_config[model.nodes[5]].size=(1.1655821132924848e-08, 0.02069388269030852)
_viz_config[model.nodes[6]].pos=(2.1630275248481268, 0.5849907309813389)
_viz_config[model.nodes[6]].size=(1.1655821167619318e-08, 5.984166034228577e-09)
_viz_config[model.nodes[7]].pos=(2.167984665297313, 0.9605454333829021)
_viz_config[model.nodes[7]].size=(1.1655821217926299e-08, 5.984166033903317e-09)
_viz_config[model.nodes[8]].pos=(2.163027524848125, 1.3734918746415503)
_viz_config[model.nodes[8]].size=(1.16558211090724e-08, 5.984166044636918e-09)
_viz_config[stim].pos=(-0.5799706654564466, 0.049237129090999004)
_viz_config[stim].size=(0.15960822487579912, 0.17495923493817928)