_viz_0 = nengo_gui.components.HTMLView(display_node)
_viz_config[_viz_0].label_visible = True
_viz_config[_viz_0].width = 1.1364954290563167
_viz_config[_viz_0].height = 1.7479299698886148
_viz_config[_viz_0].y = 3.8020868516941406
_viz_config[_viz_0].x = -7.747051635448891
_viz_1 = nengo_gui.components.HTMLView(display_node_rot)
_viz_config[_viz_1].label_visible = True
_viz_config[_viz_1].width = 1.1836034616124975
_viz_config[_viz_1].height = 1.86746097199347
_viz_config[_viz_1].y = 4.162593627701519
_viz_config[_viz_1].x = 1.4992086548498895
_viz_2 = nengo_gui.components.Value(result)
_viz_config[_viz_2].max_value = 1
_viz_config[_viz_2].min_value = -1
_viz_config[_viz_2].legend_labels = [u'label_0']
_viz_config[_viz_2].height = 2.298068762537492
_viz_config[_viz_2].label_visible = True
_viz_config[_viz_2].width = 1.4941929535354301
_viz_config[_viz_2].show_legend = False
_viz_config[_viz_2].y = 8.750327047431337
_viz_config[_viz_2].x = -5.960138723904086
_viz_3 = nengo_gui.components.Value(answer)
_viz_config[_viz_3].max_value = 1
_viz_config[_viz_3].min_value = -1
_viz_config[_viz_3].legend_labels = [u'label_0']
_viz_config[_viz_3].height = 2.2597847056055436
_viz_config[_viz_3].label_visible = True
_viz_config[_viz_3].width = 1.7446353287211154
_viz_config[_viz_3].show_legend = False
_viz_config[_viz_3].y = 9.595075969351795
_viz_config[_viz_3].x = -0.5967632331963195
_viz_ace_editor = nengo_gui.components.AceEditor()
_viz_net_graph = nengo_gui.components.NetGraph()
_viz_sim_control = nengo_gui.components.SimControl()
_viz_config[_viz_sim_control].kept_time = 4
_viz_config[_viz_sim_control].shown_time = 0.5
_viz_config[a].pos=(-5.432544320185899, 1.4805858790069855)
_viz_config[a].size=(0.881626367667581, 0.7544687184847568)
_viz_config[a_rot].pos=(-0.6777235175012077, 1.0767942208739416)
_viz_config[a_rot].size=(0.881626367667581, 0.7544687184847568)
_viz_config[answer].pos=(-3.6264140475935553, 10.510671076807343)
_viz_config[answer].size=(0.7053010941340648, 0.6035749747878054)
_viz_config[combine].pos=(-3.39380048716022, 4.473742459927972)
_viz_config[combine].size=(0.962256595187823, 1.3063434171415451)
_viz_config[display_node].pos=(-7.722021376404547, 0.7363779350936195)
_viz_config[display_node].size=(0.7053010941340648, 0.6035749747878054)
_viz_config[display_node_rot].pos=(1.4407019729749377, 0.8764073292443966)
_viz_config[display_node_rot].size=(0.7053010941340648, 0.6035749747878054)
_viz_config[model].pos=(10.112501401402831, 3.0697658559182783)
_viz_config[model].size=(0.06372288459285462, 0.06372288459285462)
_viz_config[model].expanded=True
_viz_config[model].has_layout=True
_viz_config[result].pos=(-3.4943420611757383, 7.780097890867307)
_viz_config[result].size=(0.7053010941340648, 0.6035749747878054)
_viz_config[rot_node].pos=(-2.334584930444232, 0.9669435754625639)
_viz_config[rot_node].size=(0.2563480569707036, 0.52511022806539)
_viz_config[stim].pos=(-5.354355869893391, -1.940477078090296)
_viz_config[stim].size=(0.7053010941340648, 0.6035749747878054)
_viz_config[stim_rot].pos=(-0.5995350672087134, -2.030409749333681)
_viz_config[stim_rot].size=(0.7053010941340648, 0.6035749747878054)