_viz_0 = nengo_gui.components.HTMLView(display_node)
_viz_config[_viz_0].label_visible = True
_viz_config[_viz_0].width = 0.38999930651367465
_viz_config[_viz_0].height = 0.658775483931518
_viz_config[_viz_0].y = 3.0103952838106767
_viz_config[_viz_0].x = 1.552806108826841
_viz_1 = nengo_gui.components.Value(stim)
_viz_config[_viz_1].max_value = 1
_viz_config[_viz_1].min_value = -1
_viz_config[_viz_1].legend_labels = [u'label_0', u'label_1', u'label_2', u'label_3', u'label_4', u'label_5', u'label_6', u'label_7', u'label_8', u'label_9']
_viz_config[_viz_1].height = 0.5038790752848679
_viz_config[_viz_1].label_visible = True
_viz_config[_viz_1].width = 0.3579593430756754
_viz_config[_viz_1].show_legend = True
_viz_config[_viz_1].y = 3.0063629704760015
_viz_config[_viz_1].x = -0.2813055739720899
_viz_ace_editor = nengo_gui.components.AceEditor()
_viz_net_graph = nengo_gui.components.NetGraph()
_viz_sim_control = nengo_gui.components.SimControl()
_viz_config[_viz_sim_control].kept_time = 4
_viz_config[_viz_sim_control].shown_time = 0.5
_viz_config[display_node].pos=(2.185055232797406, 1.5183622097967018)
_viz_config[display_node].size=(0.18312382111154787, 0.6500895649459949)
_viz_config[ens].pos=(0.3995979769598146, 1.5183622097967018)
_viz_config[ens].size=(0.22890477638943482, 0.8126119561824936)
_viz_config[model].pos=(0.8008577836400756, -0.6919250974598747)
_viz_config[model].size=(0.30764991592599195, 0.30764991592599195)
_viz_config[model].expanded=True
_viz_config[model].has_layout=True
_viz_config[stim].pos=(-0.4702401733200376, 1.5183622097967018)
_viz_config[stim].size=(0.18312382111154787, 0.6500895649459949)